
C:\Users\Lovin Al\Documents\CSCI 4511\CodeAnalysis5\code\CSCI4511w-FinalProject\FinalProject>python experiments.py

==================
--- Towers: 3  ---
==================

Searching nodes


Max Frontier Count:  6
Visited:  25
Elapsed time: 00:00:00.00
State:  [[], [], [3, 2, 1]]
Steps: [0, 2] [0, 1] [2, 1] [0, 2] [1, 0] [1, 2] [0, 2]

Total node count:  54
Max frontier count:  6
Max depth of tree:  7

==================
--- Towers: 4  ---
==================

Searching nodes


Max Frontier Count:  10
Visited:  71
Elapsed time: 00:00:00.01
State:  [[], [], [4, 3, 2, 1]]
Steps: [0, 1] [0, 2] [1, 2] [0, 1] [2, 0] [2, 1] [0, 1] [0, 2] [1, 2] [1, 0] [2, 0] [1, 2] [0, 1] [0, 2] [1, 2]

Total node count:  180
Max frontier count:  10
Max depth of tree:  15

==================
--- Towers: 5  ---
==================

Searching nodes


Max Frontier Count:  26
Visited:  233
Elapsed time: 00:00:00.01
State:  [[], [], [5, 4, 3, 2, 1]]
Steps: [0, 2] [0, 1] [2, 1] [0, 2] [1, 0] [1, 2] [0, 2] [0, 1] [2, 1] [2, 0] [1, 0] [2, 1] [0, 2] [0, 1] [2, 1] [0, 2] [1, 0] [1, 2] [0, 2] [1, 0] [2, 1] [2, 0] [1, 0] [1, 2] [0, 2] [0, 1] [2, 1] [0, 2] [1, 0] [1, 2] [0, 2]

Total node count:  618
Max frontier count:  26
Max depth of tree:  31

==================
--- Towers: 6  ---
==================

Searching nodes
.

Max Frontier Count:  42
Visited:  687
Elapsed time: 00:00:00.07
State:  [[], [], [6, 5, 4, 3, 2, 1]]
Steps: [0, 1] [0, 2] [1, 2] [0, 1] [2, 0] [2, 1] [0, 1] [0, 2] [1, 2] [1, 0] [2, 0] [1, 2] [0, 1] [0, 2] [1, 2] [0, 1] [2, 0] [2, 1] [0, 1] [2, 0] [1, 2] [1, 0] [2, 0] [2, 1] [0, 1] [0, 2] [1, 2] [0, 1] [2, 0] [2, 1] [0, 1] [0, 2] [1, 2] [1, 0] [2, 0] [1, 2] [0, 1] [0, 2] [1, 2] [1, 0] [2, 0] [2, 1] [0, 1] [2, 0] [1, 2] [1, 0] [2, 0] [1, 2] [0, 1] [0, 2] [1, 2] [0, 1] [2, 0] [2, 1] [0, 1] [0, 2] [1, 2] [1, 0] [2, 0] [1, 2] [0, 1] [0, 2] [1, 2]

Total node count:  1932
Max frontier count:  42
Max depth of tree:  63

==================
--- Towers: 7  ---
==================

Searching nodes
......

Max Frontier Count:  106
Visited:  2145
Elapsed time: 00:00:00.39
State:  [[], [], [7, 6, 5, 4, 3, 2, 1]]
Steps: [0, 2] [0, 1] [2, 1] [0, 2] [1, 0] [1, 2] [0, 2] [0, 1] [2, 1] [2, 0] [1, 0] [2, 1] [0, 2] [0, 1] [2, 1] [0, 2] [1, 0] [1, 2] [0, 2] [1, 0] [2, 1] [2, 0] [1, 0] [1, 2] [0, 2] [0, 1] [2, 1] [0, 2] [1, 0] [1, 2] [0, 2] [0, 1] [2, 1] [2, 0] [1, 0] [2, 1] [0, 2] [0, 1] [2, 1] [2, 0] [1, 0] [1, 2] [0, 2] [1, 0] [2, 1] [2, 0] [1, 0] [2, 1] [0, 2] [0, 1] [2, 1] [0, 2] [1, 0] [1, 2] [0, 2] [0, 1] [2, 1] [2, 0] [1, 0] [2, 1] [0, 2] [0, 1] [2, 1] [0, 2] [1, 0] [1, 2] [0, 2] [1, 0] [2, 1] [2, 0] [1, 0] [1, 2] [0, 2] [0, 1] [2, 1] [0, 2] [1, 0] [1, 2] [0, 2] [1, 0] [2, 1] [2, 0] [1, 0] [2, 1] [0, 2] [0, 1] [2, 1] [2, 0] [1, 0] [1, 2] [0, 2] [1, 0] [2, 1] [2, 0] [1, 0] [1, 2] [0, 2] [0, 1] [2, 1] [0, 2] [1, 0] [1, 2] [0, 2] [0, 1] [2, 1] [2, 0] [1, 0] [2, 1] [0, 2] [0, 1] [2, 1] [0, 2] [1, 0] [1, 2] [0, 2] [1, 0] [2, 1] [2, 0] [1, 0] [1, 2] [0, 2] [0, 1] [2, 1] [0, 2] [1, 0] [1, 2] [0, 2]

Total node count:  6114
Max frontier count:  106
Max depth of tree:  127

==================
--- Towers: 8  ---
==================

Searching nodes
.......... 10000........

Max Frontier Count:  170
Visited:  6391
Elapsed time: 00:00:02.65
State:  [[], [], [8, 7, 6, 5, 4, 3, 2, 1]]
Steps: [0, 1] [0, 2] [1, 2] [0, 1] [2, 0] [2, 1] [0, 1] [0, 2] [1, 2] [1, 0] [2, 0] [1, 2] [0, 1] [0, 2] [1, 2] [0, 1] [2, 0] [2, 1] [0, 1] [2, 0] [1, 2] [1, 0] [2, 0] [2, 1] [0, 1] [0, 2] [1, 2] [0, 1] [2, 0] [2, 1] [0, 1] [0, 2] [1, 2] [1, 0] [2, 0] [1, 2] [0, 1] [0, 2] [1, 2] [1, 0] [2, 0] [2, 1] [0, 1] [2, 0] [1, 2] [1, 0] [2, 0] [1, 2] [0, 1] [0, 2] [1, 2] [0, 1] [2, 0] [2, 1] [0, 1] [0, 2] [1, 2] [1, 0] [2, 0] [1, 2] [0, 1] [0, 2] [1, 2] [0, 1] [2, 0] [2, 1] [0, 1] [2, 0] [1, 2] [1, 0] [2, 0] [2, 1] [0, 1] [0, 2] [1, 2] [0, 1] [2, 0] [2, 1] [0, 1] [2, 0] [1, 2] [1, 0] [2, 0] [1, 2] [0, 1] [0, 2] [1, 2] [1, 0] [2, 0] [2, 1] [0, 1] [2, 0] [1, 2] [1, 0] [2, 0] [2, 1] [0, 1] [0, 2] [1, 2] [0, 1] [2, 0] [2, 1] [0, 1] [0, 2] [1, 2] [1, 0] [2, 0] [1, 2] [0, 1] [0, 2] [1, 2] [0, 1] [2, 0] [2, 1] [0, 1] [2, 0] [1, 2] [1, 0] [2, 0] [2, 1] [0, 1] [0, 2] [1, 2] [0, 1] [2, 0] [2, 1] [0, 1] [0, 2] [1, 2] [1, 0] [2, 0] [1, 2] [0, 1] [0, 2] [1, 2] [1, 0] [2, 0] [2, 1] [0, 1] [2, 0] [1, 2] [1, 0] [2, 0] [1, 2] [0, 1] [0, 2] [1, 2] [0, 1] [2, 0] [2, 1] [0, 1] [0, 2] [1, 2] [1, 0] [2, 0] [1, 2] [0, 1] [0, 2] [1, 2] [1, 0] [2, 0] [2, 1] [0, 1] [2, 0] [1, 2] [1, 0] [2, 0] [2, 1] [0, 1] [0, 2] [1, 2] [0, 1] [2, 0] [2, 1] [0, 1] [2, 0] [1, 2] [1, 0] [2, 0] [1, 2] [0, 1] [0, 2] [1, 2] [1, 0] [2, 0] [2, 1] [0, 1] [2, 0] [1, 2] [1, 0] [2, 0] [1, 2] [0, 1] [0, 2] [1, 2] [0, 1] [2, 0] [2, 1] [0, 1] [0, 2] [1, 2] [1, 0] [2, 0] [1, 2] [0, 1] [0, 2] [1, 2] [0, 1] [2, 0] [2, 1] [0, 1] [2, 0] [1, 2] [1, 0] [2, 0] [2, 1] [0, 1] [0, 2] [1, 2] [0, 1] [2, 0] [2, 1] [0, 1] [0, 2] [1, 2] [1, 0] [2, 0] [1, 2] [0, 1] [0, 2] [1, 2] [1, 0] [2, 0] [2, 1] [0, 1] [2, 0] [1, 2] [1, 0] [2, 0] [1, 2] [0, 1] [0, 2] [1, 2] [0, 1] [2, 0] [2, 1] [0, 1] [0, 2] [1, 2] [1, 0] [2, 0] [1, 2] [0, 1] [0, 2] [1, 2]

Total node count:  18660
Max frontier count:  170
Max depth of tree:  255

==================
--- Towers: 9  ---
==================

Searching nodes
.......... 10000.......... 20000.......... 30000.......... 40000.......... 50000.......

Max Frontier Count:  426
Visited:  19513
Elapsed time: 00:00:28.61
State:  [[], [], [9, 8, 7, 6, 5, 4, 3, 2, 1]]
Steps: [0, 2] [0, 1] [2, 1] [0, 2] [1, 0] [1, 2] [0, 2] [0, 1] [2, 1] [2, 0] [1, 0] [2, 1] [0, 2] [0, 1] [2, 1] [0, 2] [1, 0] [1, 2] [0, 2] [1, 0] [2, 1] [2, 0] [1, 0] [1, 2] [0, 2] [0, 1] [2, 1] [0, 2] [1, 0] [1, 2] [0, 2] [0, 1] [2, 1] [2, 0] [1, 0] [2, 1] [0, 2] [0, 1] [2, 1] [2, 0] [1, 0] [1, 2] [0, 2] [1, 0] [2, 1] [2, 0] [1, 0] [2, 1] [0, 2] [0, 1] [2, 1] [0, 2] [1, 0] [1, 2] [0, 2] [0, 1] [2, 1] [2, 0] [1, 0] [2, 1] [0, 2] [0, 1] [2, 1] [0, 2] [1, 0] [1, 2] [0, 2] [1, 0] [2, 1] [2, 0] [1, 0] [1, 2] [0, 2] [0, 1] [2, 1] [0, 2] [1, 0] [1, 2] [0, 2] [1, 0] [2, 1] [2, 0] [1, 0] [2, 1] [0, 2] [0, 1] [2, 1] [2, 0] [1, 0] [1, 2] [0, 2] [1, 0] [2, 1] [2, 0] [1, 0] [1, 2] [0, 2] [0, 1] [2, 1] [0, 2] [1, 0] [1, 2] [0, 2] [0, 1] [2, 1] [2, 0] [1, 0] [2, 1] [0, 2] [0, 1] [2, 1] [0, 2] [1, 0] [1, 2] [0, 2] [1, 0] [2, 1] [2, 0] [1, 0] [1, 2] [0, 2] [0, 1] [2, 1] [0, 2] [1, 0] [1, 2] [0, 2] [0, 1] [2, 1] [2, 0] [1, 0] [2, 1] [0, 2] [0, 1] [2, 1] [2, 0] [1, 0] [1, 2] [0, 2] [1, 0] [2, 1] [2, 0] [1, 0] [2, 1] [0, 2] [0, 1] [2, 1] [0, 2] [1, 0] [1, 2] [0, 2] [0, 1] [2, 1] [2, 0] [1, 0] [2, 1] [0, 2] [0, 1] [2, 1] [2, 0] [1, 0] [1, 2] [0, 2] [1, 0] [2, 1] [2, 0] [1, 0] [1, 2] [0, 2] [0, 1] [2, 1] [0, 2] [1, 0] [1, 2] [0, 2] [1, 0] [2, 1] [2, 0] [1, 0] [2, 1] [0, 2] [0, 1] [2, 1] [2, 0] [1, 0] [1, 2] [0, 2] [1, 0] [2, 1] [2, 0] [1, 0] [2, 1] [0, 2] [0, 1] [2, 1] [0, 2] [1, 0] [1, 2] [0, 2] [0, 1] [2, 1] [2, 0] [1, 0] [2, 1] [0, 2] [0, 1] [2, 1] [0, 2] [1, 0] [1, 2] [0, 2] [1, 0] [2, 1] [2, 0] [1, 0] [1, 2] [0, 2] [0, 1] [2, 1] [0, 2] [1, 0] [1, 2] [0, 2] [0, 1] [2, 1] [2, 0] [1, 0] [2, 1] [0, 2] [0, 1] [2, 1] [2, 0] [1, 0] [1, 2] [0, 2] [1, 0] [2, 1] [2, 0] [1, 0] [2, 1] [0, 2] [0, 1] [2, 1] [0, 2] [1, 0] [1, 2] [0, 2] [0, 1] [2, 1] [2, 0] [1, 0] [2, 1] [0, 2] [0, 1] [2, 1] [0, 2] [1, 0] [1, 2] [0, 2] [1, 0] [2, 1] [2, 0] [1, 0] [1, 2] [0, 2] [0, 1] [2, 1] [0, 2] [1, 0] [1, 2] [0, 2] [1, 0] [2, 1] [2, 0] [1, 0] [2, 1] [0, 2] [0, 1] [2, 1] [2, 0] [1, 0] [1, 2] [0, 2] [1, 0] [2, 1] [2, 0] [1, 0] [1, 2] [0, 2] [0, 1] [2, 1] [0, 2] [1, 0] [1, 2] [0, 2] [0, 1] [2, 1] [2, 0] [1, 0] [2, 1] [0, 2] [0, 1] [2, 1] [0, 2] [1, 0] [1, 2] [0, 2] [1, 0] [2, 1] [2, 0] [1, 0] [1, 2] [0, 2] [0, 1] [2, 1] [0, 2] [1, 0] [1, 2] [0, 2] [1, 0] [2, 1] [2, 0] [1, 0] [2, 1] [0, 2] [0, 1] [2, 1] [2, 0] [1, 0] [1, 2] [0, 2] [1, 0] [2, 1] [2, 0] [1, 0] [2, 1] [0, 2] [0, 1] [2, 1] [0, 2] [1, 0] [1, 2] [0, 2] [0, 1] [2, 1] [2, 0] [1, 0] [2, 1] [0, 2] [0, 1] [2, 1] [2, 0] [1, 0] [1, 2] [0, 2] [1, 0] [2, 1] [2, 0] [1, 0] [1, 2] [0, 2] [0, 1] [2, 1] [0, 2] [1, 0] [1, 2] [0, 2] [1, 0] [2, 1] [2, 0] [1, 0] [2, 1] [0, 2] [0, 1] [2, 1] [2, 0] [1, 0] [1, 2] [0, 2] [1, 0] [2, 1] [2, 0] [1, 0] [1, 2] [0, 2] [0, 1] [2, 1] [0, 2] [1, 0] [1, 2] [0, 2] [0, 1] [2, 1] [2, 0] [1, 0] [2, 1] [0, 2] [0, 1] [2, 1] [0, 2] [1, 0] [1, 2] [0, 2] [1, 0] [2, 1] [2, 0] [1, 0] [1, 2] [0, 2] [0, 1] [2, 1] [0, 2] [1, 0] [1, 2] [0, 2] [0, 1] [2, 1] [2, 0] [1, 0] [2, 1] [0, 2] [0, 1] [2, 1] [2, 0] [1, 0] [1, 2] [0, 2] [1, 0] [2, 1] [2, 0] [1, 0] [2, 1] [0, 2] [0, 1] [2, 1] [0, 2] [1, 0] [1, 2] [0, 2] [0, 1] [2, 1] [2, 0] [1, 0] [2, 1] [0, 2] [0, 1] [2, 1] [0, 2] [1, 0] [1, 2] [0, 2] [1, 0] [2, 1] [2, 0] [1, 0] [1, 2] [0, 2] [0, 1] [2, 1] [0, 2] [1, 0] [1, 2] [0, 2] [1, 0] [2, 1] [2, 0] [1, 0] [2, 1] [0, 2] [0, 1] [2, 1] [2, 0] [1, 0] [1, 2] [0, 2] [1, 0] [2, 1] [2, 0] [1, 0] [1, 2] [0, 2] [0, 1] [2, 1] [0, 2] [1, 0] [1, 2] [0, 2] [0, 1] [2, 1] [2, 0] [1, 0] [2, 1] [0, 2] [0, 1] [2, 1] [0, 2] [1, 0] [1, 2] [0, 2] [1, 0] [2, 1] [2, 0] [1, 0] [1, 2] [0, 2] [0, 1] [2, 1] [0, 2] [1, 0] [1, 2] [0, 2]

Total node count:  57258
Max frontier count:  426
Max depth of tree:  511

===================
--- Towers: 10  ---
===================

Searching nodes
.......... 10000.......... 20000.......... 30000.......... 40000.......... 50000.......... 60000.......... 70000.......... 80000.......... 90000.......... 100000.......... 110000.......... 120000.......... 130000.......... 140000.......... 150000.......... 160000.......... 170000...

Max Frontier Count:  682
Visited:  58367
Elapsed time: 00:05:24.09
State:  [[], [], [10, 9, 8, 7, 6, 5, 4, 3, 2, 1]]
Steps: [0, 1] [0, 2] [1, 2] [0, 1] [2, 0] [2, 1] [0, 1] [0, 2] [1, 2] [1, 0] [2, 0] [1, 2] [0, 1] [0, 2] [1, 2] [0, 1] [2, 0] [2, 1] [0, 1] [2, 0] [1, 2] [1, 0] [2, 0] [2, 1] [0, 1] [0, 2] [1, 2] [0, 1] [2, 0] [2, 1] [0, 1] [0, 2] [1, 2] [1, 0] [2, 0] [1, 2] [0, 1] [0, 2] [1, 2] [1, 0] [2, 0] [2, 1] [0, 1] [2, 0] [1, 2] [1, 0] [2, 0] [1, 2] [0, 1] [0, 2] [1, 2] [0, 1] [2, 0] [2, 1] [0, 1] [0, 2] [1, 2] [1, 0] [2, 0] [1, 2] [0, 1] [0, 2] [1, 2] [0, 1] [2, 0] [2, 1] [0, 1] [2, 0] [1, 2] [1, 0] [2, 0] [2, 1] [0, 1] [0, 2] [1, 2] [0, 1] [2, 0] [2, 1] [0, 1] [2, 0] [1, 2] [1, 0] [2, 0] [1, 2] [0, 1] [0, 2] [1, 2] [1, 0] [2, 0] [2, 1] [0, 1] [2, 0] [1, 2] [1, 0] [2, 0] [2, 1] [0, 1] [0, 2] [1, 2] [0, 1] [2, 0] [2, 1] [0, 1] [0, 2] [1, 2] [1, 0] [2, 0] [1, 2] [0, 1] [0, 2] [1, 2] [0, 1] [2, 0] [2, 1] [0, 1] [2, 0] [1, 2] [1, 0] [2, 0] [2, 1] [0, 1] [0, 2] [1, 2] [0, 1] [2, 0] [2, 1] [0, 1] [0, 2] [1, 2] [1, 0] [2, 0] [1, 2] [0, 1] [0, 2] [1, 2] [1, 0] [2, 0] [2, 1] [0, 1] [2, 0] [1, 2] [1, 0] [2, 0] [1, 2] [0, 1] [0, 2] [1, 2] [0, 1] [2, 0] [2, 1] [0, 1] [0, 2] [1, 2] [1, 0] [2, 0] [1, 2] [0, 1] [0, 2] [1, 2] [1, 0] [2, 0] [2, 1] [0, 1] [2, 0] [1, 2] [1, 0] [2, 0] [2, 1] [0, 1] [0, 2] [1, 2] [0, 1] [2, 0] [2, 1] [0, 1] [2, 0] [1, 2] [1, 0] [2, 0] [1, 2] [0, 1] [0, 2] [1, 2] [1, 0] [2, 0] [2, 1] [0, 1] [2, 0] [1, 2] [1, 0] [2, 0] [1, 2] [0, 1] [0, 2] [1, 2] [0, 1] [2, 0] [2, 1] [0, 1] [0, 2] [1, 2] [1, 0] [2, 0] [1, 2] [0, 1] [0, 2] [1, 2] [0, 1] [2, 0] [2, 1] [0, 1] [2, 0] [1, 2] [1, 0] [2, 0] [2, 1] [0, 1] [0, 2] [1, 2] [0, 1] [2, 0] [2, 1] [0, 1] [0, 2] [1, 2] [1, 0] [2, 0] [1, 2] [0, 1] [0, 2] [1, 2] [1, 0] [2, 0] [2, 1] [0, 1] [2, 0] [1, 2] [1, 0] [2, 0] [1, 2] [0, 1] [0, 2] [1, 2] [0, 1] [2, 0] [2, 1] [0, 1] [0, 2] [1, 2] [1, 0] [2, 0] [1, 2] [0, 1] [0, 2] [1, 2] [0, 1] [2, 0] [2, 1] [0, 1] [2, 0] [1, 2] [1, 0] [2, 0] [2, 1] [0, 1] [0, 2] [1, 2] [0, 1] [2, 0] [2, 1] [0, 1] [2, 0] [1, 2] [1, 0] [2, 0] [1, 2] [0, 1] [0, 2] [1, 2] [1, 0] [2, 0] [2, 1] [0, 1] [2, 0] [1, 2] [1, 0] [2, 0] [2, 1] [0, 1] [0, 2] [1, 2] [0, 1] [2, 0] [2, 1] [0, 1] [0, 2] [1, 2] [1, 0] [2, 0] [1, 2] [0, 1] [0, 2] [1, 2] [0, 1] [2, 0] [2, 1] [0, 1] [2, 0] [1, 2] [1, 0] [2, 0] [2, 1] [0, 1] [0, 2] [1, 2] [0, 1] [2, 0] [2, 1] [0, 1] [2, 0] [1, 2] [1, 0] [2, 0] [1, 2] [0, 1] [0, 2] [1, 2] [1, 0] [2, 0] [2, 1] [0, 1] [2, 0] [1, 2] [1, 0] [2, 0] [1, 2] [0, 1] [0, 2] [1, 2] [0, 1] [2, 0] [2, 1] [0, 1] [0, 2] [1, 2] [1, 0] [2, 0] [1, 2] [0, 1] [0, 2] [1, 2] [1, 0] [2, 0] [2, 1] [0, 1] [2, 0] [1, 2] [1, 0] [2, 0] [2, 1] [0, 1] [0, 2] [1, 2] [0, 1] [2, 0] [2, 1] [0, 1] [2, 0] [1, 2] [1, 0] [2, 0] [1, 2] [0, 1] [0, 2] [1, 2] [1, 0] [2, 0] [2, 1] [0, 1] [2, 0] [1, 2] [1, 0] [2, 0] [2, 1] [0, 1] [0, 2] [1, 2] [0, 1] [2, 0] [2, 1] [0, 1] [0, 2] [1, 2] [1, 0] [2, 0] [1, 2] [0, 1] [0, 2] [1, 2] [0, 1] [2, 0] [2, 1] [0, 1] [2, 0] [1, 2] [1, 0] [2, 0] [2, 1] [0, 1] [0, 2] [1, 2] [0, 1] [2, 0] [2, 1] [0, 1] [0, 2] [1, 2] [1, 0] [2, 0] [1, 2] [0, 1] [0, 2] [1, 2] [1, 0] [2, 0] [2, 1] [0, 1] [2, 0] [1, 2] [1, 0] [2, 0] [1, 2] [0, 1] [0, 2] [1, 2] [0, 1] [2, 0] [2, 1] [0, 1] [0, 2] [1, 2] [1, 0] [2, 0] [1, 2] [0, 1] [0, 2] [1, 2] [0, 1] [2, 0] [2, 1] [0, 1] [2, 0] [1, 2] [1, 0] [2, 0] [2, 1] [0, 1] [0, 2] [1, 2] [0, 1] [2, 0] [2, 1] [0, 1] [2, 0] [1, 2] [1, 0] [2, 0] [1, 2] [0, 1] [0, 2] [1, 2] [1, 0] [2, 0] [2, 1] [0, 1] [2, 0] [1, 2] [1, 0] [2, 0] [2, 1] [0, 1] [0, 2] [1, 2] [0, 1] [2, 0] [2, 1] [0, 1] [0, 2] [1, 2] [1, 0] [2, 0] [1, 2] [0, 1] [0, 2] [1, 2] [0, 1] [2, 0] [2, 1] [0, 1] [2, 0] [1, 2] [1, 0] [2, 0] [2, 1] [0, 1] [0, 2] [1, 2] [0, 1] [2, 0] [2, 1] [0, 1] [0, 2] [1, 2] [1, 0] [2, 0] [1, 2] [0, 1] [0, 2] [1, 2] [1, 0] [2, 0] [2, 1] [0, 1] [2, 0] [1, 2] [1, 0] [2, 0] [1, 2] [0, 1] [0, 2] [1, 2] [0, 1] [2, 0] [2, 1] [0, 1] [0, 2] [1, 2] [1, 0] [2, 0] [1, 2] [0, 1] [0, 2] [1, 2] [1, 0] [2, 0] [2, 1] [0, 1] [2, 0] [1, 2] [1, 0] [2, 0] [2, 1] [0, 1] [0, 2] [1, 2] [0, 1] [2, 0] [2, 1] [0, 1] [2, 0] [1, 2] [1, 0] [2, 0] [1, 2] [0, 1] [0, 2] [1, 2] [1, 0] [2, 0] [2, 1] [0, 1] [2, 0] [1, 2] [1, 0] [2, 0] [1, 2] [0, 1] [0, 2] [1, 2] [0, 1] [2, 0] [2, 1] [0, 1] [0, 2] [1, 2] [1, 0] [2, 0] [1, 2] [0, 1] [0, 2] [1, 2] [0, 1] [2, 0] [2, 1] [0, 1] [2, 0] [1, 2] [1, 0] [2, 0] [2, 1] [0, 1] [0, 2] [1, 2] [0, 1] [2, 0] [2, 1] [0, 1] [0, 2] [1, 2] [1, 0] [2, 0] [1, 2] [0, 1] [0, 2] [1, 2] [1, 0] [2, 0] [2, 1] [0, 1] [2, 0] [1, 2] [1, 0] [2, 0] [1, 2] [0, 1] [0, 2] [1, 2] [0, 1] [2, 0] [2, 1] [0, 1] [0, 2] [1, 2] [1, 0] [2, 0] [1, 2] [0, 1] [0, 2] [1, 2] [1, 0] [2, 0] [2, 1] [0, 1] [2, 0] [1, 2] [1, 0] [2, 0] [2, 1] [0, 1] [0, 2] [1, 2] [0, 1] [2, 0] [2, 1] [0, 1] [2, 0] [1, 2] [1, 0] [2, 0] [1, 2] [0, 1] [0, 2] [1, 2] [1, 0] [2, 0] [2, 1] [0, 1] [2, 0] [1, 2] [1, 0] [2, 0] [2, 1] [0, 1] [0, 2] [1, 2] [0, 1] [2, 0] [2, 1] [0, 1] [0, 2] [1, 2] [1, 0] [2, 0] [1, 2] [0, 1] [0, 2] [1, 2] [0, 1] [2, 0] [2, 1] [0, 1] [2, 0] [1, 2] [1, 0] [2, 0] [2, 1] [0, 1] [0, 2] [1, 2] [0, 1] [2, 0] [2, 1] [0, 1] [2, 0] [1, 2] [1, 0] [2, 0] [1, 2] [0, 1] [0, 2] [1, 2] [1, 0] [2, 0] [2, 1] [0, 1] [2, 0] [1, 2] [1, 0] [2, 0] [1, 2] [0, 1] [0, 2] [1, 2] [0, 1] [2, 0] [2, 1] [0, 1] [0, 2] [1, 2] [1, 0] [2, 0] [1, 2] [0, 1] [0, 2] [1, 2] [1, 0] [2, 0] [2, 1] [0, 1] [2, 0] [1, 2] [1, 0] [2, 0] [2, 1] [0, 1] [0, 2] [1, 2] [0, 1] [2, 0] [2, 1] [0, 1] [2, 0] [1, 2] [1, 0] [2, 0] [1, 2] [0, 1] [0, 2] [1, 2] [1, 0] [2, 0] [2, 1] [0, 1] [2, 0] [1, 2] [1, 0] [2, 0] [1, 2] [0, 1] [0, 2] [1, 2] [0, 1] [2, 0] [2, 1] [0, 1] [0, 2] [1, 2] [1, 0] [2, 0] [1, 2] [0, 1] [0, 2] [1, 2] [0, 1] [2, 0] [2, 1] [0, 1] [2, 0] [1, 2] [1, 0] [2, 0] [2, 1] [0, 1] [0, 2] [1, 2] [0, 1] [2, 0] [2, 1] [0, 1] [0, 2] [1, 2] [1, 0] [2, 0] [1, 2] [0, 1] [0, 2] [1, 2] [1, 0] [2, 0] [2, 1] [0, 1] [2, 0] [1, 2] [1, 0] [2, 0] [1, 2] [0, 1] [0, 2] [1, 2] [0, 1] [2, 0] [2, 1] [0, 1] [0, 2] [1, 2] [1, 0] [2, 0] [1, 2] [0, 1] [0, 2] [1, 2] [0, 1] [2, 0] [2, 1] [0, 1] [2, 0] [1, 2] [1, 0] [2, 0] [2, 1] [0, 1] [0, 2] [1, 2] [0, 1] [2, 0] [2, 1] [0, 1] [2, 0] [1, 2] [1, 0] [2, 0] [1, 2] [0, 1] [0, 2] [1, 2] [1, 0] [2, 0] [2, 1] [0, 1] [2, 0] [1, 2] [1, 0] [2, 0] [2, 1] [0, 1] [0, 2] [1, 2] [0, 1] [2, 0] [2, 1] [0, 1] [0, 2] [1, 2] [1, 0] [2, 0] [1, 2] [0, 1] [0, 2] [1, 2] [0, 1] [2, 0] [2, 1] [0, 1] [2, 0] [1, 2] [1, 0] [2, 0] [2, 1] [0, 1] [0, 2] [1, 2] [0, 1] [2, 0] [2, 1] [0, 1] [0, 2] [1, 2] [1, 0] [2, 0] [1, 2] [0, 1] [0, 2] [1, 2] [1, 0] [2, 0] [2, 1] [0, 1] [2, 0] [1, 2] [1, 0] [2, 0] [1, 2] [0, 1] [0, 2] [1, 2] [0, 1] [2, 0] [2, 1] [0, 1] [0, 2] [1, 2] [1, 0] [2, 0] [1, 2] [0, 1] [0, 2] [1, 2] [1, 0] [2, 0] [2, 1] [0, 1] [2, 0] [1, 2] [1, 0] [2, 0] [2, 1] [0, 1] [0, 2] [1, 2] [0, 1] [2, 0] [2, 1] [0, 1] [2, 0] [1, 2] [1, 0] [2, 0] [1, 2] [0, 1] [0, 2] [1, 2] [1, 0] [2, 0] [2, 1] [0, 1] [2, 0] [1, 2] [1, 0] [2, 0] [1, 2] [0, 1] [0, 2] [1, 2] [0, 1] [2, 0] [2, 1] [0, 1] [0, 2] [1, 2] [1, 0] [2, 0] [1, 2] [0, 1] [0, 2] [1, 2] [0, 1] [2, 0] [2, 1] [0, 1] [2, 0] [1, 2] [1, 0] [2, 0] [2, 1] [0, 1] [0, 2] [1, 2] [0, 1] [2, 0] [2, 1] [0, 1] [0, 2] [1, 2] [1, 0] [2, 0] [1, 2] [0, 1] [0, 2] [1, 2] [1, 0] [2, 0] [2, 1] [0, 1] [2, 0] [1, 2] [1, 0] [2, 0] [1, 2] [0, 1] [0, 2] [1, 2] [0, 1] [2, 0] [2, 1] [0, 1] [0, 2] [1, 2] [1, 0] [2, 0] [1, 2] [0, 1] [0, 2] [1, 2]

Total node count:  173052
Max frontier count:  682
Max depth of tree:  1023

===================
--- Towers: 11  ---
===================

Searching nodes
.......... 10000.......... 20000.......... 30000.......... 40000.......... 50000.......... 60000.......... 70000.......... 80000.......... 90000.......... 100000.......... 110000.......... 120000.......... 130000.......... 140000.......... 150000.......... 160000.......... 170000.......... 180000.......... 190000.......... 200000.......... 210000.......... 220000.......... 230000.......... 240000.......... 250000.......... 260000.......... 270000.......... 280000.......... 290000.......... 300000.......... 310000.......... 320000.......... 330000.......... 340000.......... 350000.......... 360000.......... 370000.......... 380000.......... 390000.......... 400000.......... 410000.......... 420000.......... 430000.......... 440000.......... 450000.......... 460000.......... 470000.......... 480000.......... 490000.......... 500000.......... 510000.......... 520000....

Max Frontier Count:  1706
Visited:  176465
Elapsed time: 00:51:58.62
State:  [[], [], [11, 10, 9, 8, 7, 6, 5, 4, 3, 2, 1]]
Steps: [0, 2] [0, 1] [2, 1] [0, 2] [1, 0] [1, 2] [0, 2] [0, 1] [2, 1] [2, 0] [1, 0] [2, 1] [0, 2] [0, 1] [2, 1] [0, 2] [1, 0] [1, 2] [0, 2] [1, 0] [2, 1] [2, 0] [1, 0] [1, 2] [0, 2] [0, 1] [2, 1] [0, 2] [1, 0] [1, 2] [0, 2] [0, 1] [2, 1] [2, 0] [1, 0] [2, 1] [0, 2] [0, 1] [2, 1] [2, 0] [1, 0] [1, 2] [0, 2] [1, 0] [2, 1] [2, 0] [1, 0] [2, 1] [0, 2] [0, 1] [2, 1] [0, 2] [1, 0] [1, 2] [0, 2] [0, 1] [2, 1] [2, 0] [1, 0] [2, 1] [0, 2] [0, 1] [2, 1] [0, 2] [1, 0] [1, 2] [0, 2] [1, 0] [2, 1] [2, 0] [1, 0] [1, 2] [0, 2] [0, 1] [2, 1] [0, 2] [1, 0] [1, 2] [0, 2] [1, 0] [2, 1] [2, 0] [1, 0] [2, 1] [0, 2] [0, 1] [2, 1] [2, 0] [1, 0] [1, 2] [0, 2] [1, 0] [2, 1] [2, 0] [1, 0] [1, 2] [0, 2] [0, 1] [2, 1] [0, 2] [1, 0] [1, 2] [0, 2] [0, 1] [2, 1] [2, 0] [1, 0] [2, 1] [0, 2] [0, 1] [2, 1] [0, 2] [1, 0] [1, 2] [0, 2] [1, 0] [2, 1] [2, 0] [1, 0] [1, 2] [0, 2] [0, 1] [2, 1] [0, 2] [1, 0] [1, 2] [0, 2] [0, 1] [2, 1] [2, 0] [1, 0] [2, 1] [0, 2] [0, 1] [2, 1] [2, 0] [1, 0] [1, 2] [0, 2] [1, 0] [2, 1] [2, 0] [1, 0] [2, 1] [0, 2] [0, 1] [2, 1] [0, 2] [1, 0] [1, 2] [0, 2] [0, 1] [2, 1] [2, 0] [1, 0] [2, 1] [0, 2] [0, 1] [2, 1] [2, 0] [1, 0] [1, 2] [0, 2] [1, 0] [2, 1] [2, 0] [1, 0] [1, 2] [0, 2] [0, 1] [2, 1] [0, 2] [1, 0] [1, 2] [0, 2] [1, 0] [2, 1] [2, 0] [1, 0] [2, 1] [0, 2] [0, 1] [2, 1] [2, 0] [1, 0] [1, 2] [0, 2] [1, 0] [2, 1] [2, 0] [1, 0] [2, 1] [0, 2] [0, 1] [2, 1] [0, 2] [1, 0] [1, 2] [0, 2] [0, 1] [2, 1] [2, 0] [1, 0] [2, 1] [0, 2] [0, 1] [2, 1] [0, 2] [1, 0] [1, 2] [0, 2] [1, 0] [2, 1] [2, 0] [1, 0] [1, 2] [0, 2] [0, 1] [2, 1] [0, 2] [1, 0] [1, 2] [0, 2] [0, 1] [2, 1] [2, 0] [1, 0] [2, 1] [0, 2] [0, 1] [2, 1] [2, 0] [1, 0] [1, 2] [0, 2] [1, 0] [2, 1] [2, 0] [1, 0] [2, 1] [0, 2] [0, 1] [2, 1] [0, 2] [1, 0] [1, 2] [0, 2] [0, 1] [2, 1] [2, 0] [1, 0] [2, 1] [0, 2] [0, 1] [2, 1] [0, 2] [1, 0] [1, 2] [0, 2] [1, 0] [2, 1] [2, 0] [1, 0] [1, 2] [0, 2] [0, 1] [2, 1] [0, 2] [1, 0] [1, 2] [0, 2] [1, 0] [2, 1] [2, 0] [1, 0] [2, 1] [0, 2] [0, 1] [2, 1] [2, 0] [1, 0] [1, 2] [0, 2] [1, 0] [2, 1] [2, 0] [1, 0] [1, 2] [0, 2] [0, 1] [2, 1] [0, 2] [1, 0] [1, 2] [0, 2] [0, 1] [2, 1] [2, 0] [1, 0] [2, 1] [0, 2] [0, 1] [2, 1] [0, 2] [1, 0] [1, 2] [0, 2] [1, 0] [2, 1] [2, 0] [1, 0] [1, 2] [0, 2] [0, 1] [2, 1] [0, 2] [1, 0] [1, 2] [0, 2] [1, 0] [2, 1] [2, 0] [1, 0] [2, 1] [0, 2] [0, 1] [2, 1] [2, 0] [1, 0] [1, 2] [0, 2] [1, 0] [2, 1] [2, 0] [1, 0] [2, 1] [0, 2] [0, 1] [2, 1] [0, 2] [1, 0] [1, 2] [0, 2] [0, 1] [2, 1] [2, 0] [1, 0] [2, 1] [0, 2] [0, 1] [2, 1] [2, 0] [1, 0] [1, 2] [0, 2] [1, 0] [2, 1] [2, 0] [1, 0] [1, 2] [0, 2] [0, 1] [2, 1] [0, 2] [1, 0] [1, 2] [0, 2] [1, 0] [2, 1] [2, 0] [1, 0] [2, 1] [0, 2] [0, 1] [2, 1] [2, 0] [1, 0] [1, 2] [0, 2] [1, 0] [2, 1] [2, 0] [1, 0] [1, 2] [0, 2] [0, 1] [2, 1] [0, 2] [1, 0] [1, 2] [0, 2] [0, 1] [2, 1] [2, 0] [1, 0] [2, 1] [0, 2] [0, 1] [2, 1] [0, 2] [1, 0] [1, 2] [0, 2] [1, 0] [2, 1] [2, 0] [1, 0] [1, 2] [0, 2] [0, 1] [2, 1] [0, 2] [1, 0] [1, 2] [0, 2] [0, 1] [2, 1] [2, 0] [1, 0] [2, 1] [0, 2] [0, 1] [2, 1] [2, 0] [1, 0] [1, 2] [0, 2] [1, 0] [2, 1] [2, 0] [1, 0] [2, 1] [0, 2] [0, 1] [2, 1] [0, 2] [1, 0] [1, 2] [0, 2] [0, 1] [2, 1] [2, 0] [1, 0] [2, 1] [0, 2] [0, 1] [2, 1] [0, 2] [1, 0] [1, 2] [0, 2] [1, 0] [2, 1] [2, 0] [1, 0] [1, 2] [0, 2] [0, 1] [2, 1] [0, 2] [1, 0] [1, 2] [0, 2] [1, 0] [2, 1] [2, 0] [1, 0] [2, 1] [0, 2] [0, 1] [2, 1] [2, 0] [1, 0] [1, 2] [0, 2] [1, 0] [2, 1] [2, 0] [1, 0] [1, 2] [0, 2] [0, 1] [2, 1] [0, 2] [1, 0] [1, 2] [0, 2] [0, 1] [2, 1] [2, 0] [1, 0] [2, 1] [0, 2] [0, 1] [2, 1] [0, 2] [1, 0] [1, 2] [0, 2] [1, 0] [2, 1] [2, 0] [1, 0] [1, 2] [0, 2] [0, 1] [2, 1] [0, 2] [1, 0] [1, 2] [0, 2] [0, 1] [2, 1] [2, 0] [1, 0] [2, 1] [0, 2] [0, 1] [2, 1] [2, 0] [1, 0] [1, 2] [0, 2] [1, 0] [2, 1] [2, 0] [1, 0] [2, 1] [0, 2] [0, 1] [2, 1] [0, 2] [1, 0] [1, 2] [0, 2] [0, 1] [2, 1] [2, 0] [1, 0] [2, 1] [0, 2] [0, 1] [2, 1] [2, 0] [1, 0] [1, 2] [0, 2] [1, 0] [2, 1] [2, 0] [1, 0] [1, 2] [0, 2] [0, 1] [2, 1] [0, 2] [1, 0] [1, 2] [0, 2] [1, 0] [2, 1] [2, 0] [1, 0] [2, 1] [0, 2] [0, 1] [2, 1] [2, 0] [1, 0] [1, 2] [0, 2] [1, 0] [2, 1] [2, 0] [1, 0] [2, 1] [0, 2] [0, 1] [2, 1] [0, 2] [1, 0] [1, 2] [0, 2] [0, 1] [2, 1] [2, 0] [1, 0] [2, 1] [0, 2] [0, 1] [2, 1] [0, 2] [1, 0] [1, 2] [0, 2] [1, 0] [2, 1] [2, 0] [1, 0] [1, 2] [0, 2] [0, 1] [2, 1] [0, 2] [1, 0] [1, 2] [0, 2] [0, 1] [2, 1] [2, 0] [1, 0] [2, 1] [0, 2] [0, 1] [2, 1] [2, 0] [1, 0] [1, 2] [0, 2] [1, 0] [2, 1] [2, 0] [1, 0] [2, 1] [0, 2] [0, 1] [2, 1] [0, 2] [1, 0] [1, 2] [0, 2] [0, 1] [2, 1] [2, 0] [1, 0] [2, 1] [0, 2] [0, 1] [2, 1] [2, 0] [1, 0] [1, 2] [0, 2] [1, 0] [2, 1] [2, 0] [1, 0] [1, 2] [0, 2] [0, 1] [2, 1] [0, 2] [1, 0] [1, 2] [0, 2] [1, 0] [2, 1] [2, 0] [1, 0] [2, 1] [0, 2] [0, 1] [2, 1] [2, 0] [1, 0] [1, 2] [0, 2] [1, 0] [2, 1] [2, 0] [1, 0] [1, 2] [0, 2] [0, 1] [2, 1] [0, 2] [1, 0] [1, 2] [0, 2] [0, 1] [2, 1] [2, 0] [1, 0] [2, 1] [0, 2] [0, 1] [2, 1] [0, 2] [1, 0] [1, 2] [0, 2] [1, 0] [2, 1] [2, 0] [1, 0] [1, 2] [0, 2] [0, 1] [2, 1] [0, 2] [1, 0] [1, 2] [0, 2] [1, 0] [2, 1] [2, 0] [1, 0] [2, 1] [0, 2] [0, 1] [2, 1] [2, 0] [1, 0] [1, 2] [0, 2] [1, 0] [2, 1] [2, 0] [1, 0] [2, 1] [0, 2] [0, 1] [2, 1] [0, 2] [1, 0] [1, 2] [0, 2] [0, 1] [2, 1] [2, 0] [1, 0] [2, 1] [0, 2] [0, 1] [2, 1] [2, 0] [1, 0] [1, 2] [0, 2] [1, 0] [2, 1] [2, 0] [1, 0] [1, 2] [0, 2] [0, 1] [2, 1] [0, 2] [1, 0] [1, 2] [0, 2] [1, 0] [2, 1] [2, 0] [1, 0] [2, 1] [0, 2] [0, 1] [2, 1] [2, 0] [1, 0] [1, 2] [0, 2] [1, 0] [2, 1] [2, 0] [1, 0] [2, 1] [0, 2] [0, 1] [2, 1] [0, 2] [1, 0] [1, 2] [0, 2] [0, 1] [2, 1] [2, 0] [1, 0] [2, 1] [0, 2] [0, 1] [2, 1] [0, 2] [1, 0] [1, 2] [0, 2] [1, 0] [2, 1] [2, 0] [1, 0] [1, 2] [0, 2] [0, 1] [2, 1] [0, 2] [1, 0] [1, 2] [0, 2] [0, 1] [2, 1] [2, 0] [1, 0] [2, 1] [0, 2] [0, 1] [2, 1] [2, 0] [1, 0] [1, 2] [0, 2] [1, 0] [2, 1] [2, 0] [1, 0] [2, 1] [0, 2] [0, 1] [2, 1] [0, 2] [1, 0] [1, 2] [0, 2] [0, 1] [2, 1] [2, 0] [1, 0] [2, 1] [0, 2] [0, 1] [2, 1] [0, 2] [1, 0] [1, 2] [0, 2] [1, 0] [2, 1] [2, 0] [1, 0] [1, 2] [0, 2] [0, 1] [2, 1] [0, 2] [1, 0] [1, 2] [0, 2] [1, 0] [2, 1] [2, 0] [1, 0] [2, 1] [0, 2] [0, 1] [2, 1] [2, 0] [1, 0] [1, 2] [0, 2] [1, 0] [2, 1] [2, 0] [1, 0] [1, 2] [0, 2] [0, 1] [2, 1] [0, 2] [1, 0] [1, 2] [0, 2] [0, 1] [2, 1] [2, 0] [1, 0] [2, 1] [0, 2] [0, 1] [2, 1] [0, 2] [1, 0] [1, 2] [0, 2] [1, 0] [2, 1] [2, 0] [1, 0] [1, 2] [0, 2] [0, 1] [2, 1] [0, 2] [1, 0] [1, 2] [0, 2] [0, 1] [2, 1] [2, 0] [1, 0] [2, 1] [0, 2] [0, 1] [2, 1] [2, 0] [1, 0] [1, 2] [0, 2] [1, 0] [2, 1] [2, 0] [1, 0] [2, 1] [0, 2] [0, 1] [2, 1] [0, 2] [1, 0] [1, 2] [0, 2] [0, 1] [2, 1] [2, 0] [1, 0] [2, 1] [0, 2] [0, 1] [2, 1] [2, 0] [1, 0] [1, 2] [0, 2] [1, 0] [2, 1] [2, 0] [1, 0] [1, 2] [0, 2] [0, 1] [2, 1] [0, 2] [1, 0] [1, 2] [0, 2] [1, 0] [2, 1] [2, 0] [1, 0] [2, 1] [0, 2] [0, 1] [2, 1] [2, 0] [1, 0] [1, 2] [0, 2] [1, 0] [2, 1] [2, 0] [1, 0] [2, 1] [0, 2] [0, 1] [2, 1] [0, 2] [1, 0] [1, 2] [0, 2] [0, 1] [2, 1] [2, 0] [1, 0] [2, 1] [0, 2] [0, 1] [2, 1] [0, 2] [1, 0] [1, 2] [0, 2] [1, 0] [2, 1] [2, 0] [1, 0] [1, 2] [0, 2] [0, 1] [2, 1] [0, 2] [1, 0] [1, 2] [0, 2] [0, 1] [2, 1] [2, 0] [1, 0] [2, 1] [0, 2] [0, 1] [2, 1] [2, 0] [1, 0] [1, 2] [0, 2] [1, 0] [2, 1] [2, 0] [1, 0] [2, 1] [0, 2] [0, 1] [2, 1] [0, 2] [1, 0] [1, 2] [0, 2] [0, 1] [2, 1] [2, 0] [1, 0] [2, 1] [0, 2] [0, 1] [2, 1] [0, 2] [1, 0] [1, 2] [0, 2] [1, 0] [2, 1] [2, 0] [1, 0] [1, 2] [0, 2] [0, 1] [2, 1] [0, 2] [1, 0] [1, 2] [0, 2] [1, 0] [2, 1] [2, 0] [1, 0] [2, 1] [0, 2] [0, 1] [2, 1] [2, 0] [1, 0] [1, 2] [0, 2] [1, 0] [2, 1] [2, 0] [1, 0] [1, 2] [0, 2] [0, 1] [2, 1] [0, 2] [1, 0] [1, 2] [0, 2] [0, 1] [2, 1] [2, 0] [1, 0] [2, 1] [0, 2] [0, 1] [2, 1] [0, 2] [1, 0] [1, 2] [0, 2] [1, 0] [2, 1] [2, 0] [1, 0] [1, 2] [0, 2] [0, 1] [2, 1] [0, 2] [1, 0] [1, 2] [0, 2] [1, 0] [2, 1] [2, 0] [1, 0] [2, 1] [0, 2] [0, 1] [2, 1] [2, 0] [1, 0] [1, 2] [0, 2] [1, 0] [2, 1] [2, 0] [1, 0] [2, 1] [0, 2] [0, 1] [2, 1] [0, 2] [1, 0] [1, 2] [0, 2] [0, 1] [2, 1] [2, 0] [1, 0] [2, 1] [0, 2] [0, 1] [2, 1] [2, 0] [1, 0] [1, 2] [0, 2] [1, 0] [2, 1] [2, 0] [1, 0] [1, 2] [0, 2] [0, 1] [2, 1] [0, 2] [1, 0] [1, 2] [0, 2] [1, 0] [2, 1] [2, 0] [1, 0] [2, 1] [0, 2] [0, 1] [2, 1] [2, 0] [1, 0] [1, 2] [0, 2] [1, 0] [2, 1] [2, 0] [1, 0] [1, 2] [0, 2] [0, 1] [2, 1] [0, 2] [1, 0] [1, 2] [0, 2] [0, 1] [2, 1] [2, 0] [1, 0] [2, 1] [0, 2] [0, 1] [2, 1] [0, 2] [1, 0] [1, 2] [0, 2] [1, 0] [2, 1] [2, 0] [1, 0] [1, 2] [0, 2] [0, 1] [2, 1] [0, 2] [1, 0] [1, 2] [0, 2] [0, 1] [2, 1] [2, 0] [1, 0] [2, 1] [0, 2] [0, 1] [2, 1] [2, 0] [1, 0] [1, 2] [0, 2] [1, 0] [2, 1] [2, 0] [1, 0] [2, 1] [0, 2] [0, 1] [2, 1] [0, 2] [1, 0] [1, 2] [0, 2] [0, 1] [2, 1] [2, 0] [1, 0] [2, 1] [0, 2] [0, 1] [2, 1] [0, 2] [1, 0] [1, 2] [0, 2] [1, 0] [2, 1] [2, 0] [1, 0] [1, 2] [0, 2] [0, 1] [2, 1] [0, 2] [1, 0] [1, 2] [0, 2] [1, 0] [2, 1] [2, 0] [1, 0] [2, 1] [0, 2] [0, 1] [2, 1] [2, 0] [1, 0] [1, 2] [0, 2] [1, 0] [2, 1] [2, 0] [1, 0] [1, 2] [0, 2] [0, 1] [2, 1] [0, 2] [1, 0] [1, 2] [0, 2] [0, 1] [2, 1] [2, 0] [1, 0] [2, 1] [0, 2] [0, 1] [2, 1] [0, 2] [1, 0] [1, 2] [0, 2] [1, 0] [2, 1] [2, 0] [1, 0] [1, 2] [0, 2] [0, 1] [2, 1] [0, 2] [1, 0] [1, 2] [0, 2] [1, 0] [2, 1] [2, 0] [1, 0] [2, 1] [0, 2] [0, 1] [2, 1] [2, 0] [1, 0] [1, 2] [0, 2] [1, 0] [2, 1] [2, 0] [1, 0] [2, 1] [0, 2] [0, 1] [2, 1] [0, 2] [1, 0] [1, 2] [0, 2] [0, 1] [2, 1] [2, 0] [1, 0] [2, 1] [0, 2] [0, 1] [2, 1] [2, 0] [1, 0] [1, 2] [0, 2] [1, 0] [2, 1] [2, 0] [1, 0] [1, 2] [0, 2] [0, 1] [2, 1] [0, 2] [1, 0] [1, 2] [0, 2] [1, 0] [2, 1] [2, 0] [1, 0] [2, 1] [0, 2] [0, 1] [2, 1] [2, 0] [1, 0] [1, 2] [0, 2] [1, 0] [2, 1] [2, 0] [1, 0] [2, 1] [0, 2] [0, 1] [2, 1] [0, 2] [1, 0] [1, 2] [0, 2] [0, 1] [2, 1] [2, 0] [1, 0] [2, 1] [0, 2] [0, 1] [2, 1] [0, 2] [1, 0] [1, 2] [0, 2] [1, 0] [2, 1] [2, 0] [1, 0] [1, 2] [0, 2] [0, 1] [2, 1] [0, 2] [1, 0] [1, 2] [0, 2] [0, 1] [2, 1] [2, 0] [1, 0] [2, 1] [0, 2] [0, 1] [2, 1] [2, 0] [1, 0] [1, 2] [0, 2] [1, 0] [2, 1] [2, 0] [1, 0] [2, 1] [0, 2] [0, 1] [2, 1] [0, 2] [1, 0] [1, 2] [0, 2] [0, 1] [2, 1] [2, 0] [1, 0] [2, 1] [0, 2] [0, 1] [2, 1] [2, 0] [1, 0] [1, 2] [0, 2] [1, 0] [2, 1] [2, 0] [1, 0] [1, 2] [0, 2] [0, 1] [2, 1] [0, 2] [1, 0] [1, 2] [0, 2] [1, 0] [2, 1] [2, 0] [1, 0] [2, 1] [0, 2] [0, 1] [2, 1] [2, 0] [1, 0] [1, 2] [0, 2] [1, 0] [2, 1] [2, 0] [1, 0] [1, 2] [0, 2] [0, 1] [2, 1] [0, 2] [1, 0] [1, 2] [0, 2] [0, 1] [2, 1] [2, 0] [1, 0] [2, 1] [0, 2] [0, 1] [2, 1] [0, 2] [1, 0] [1, 2] [0, 2] [1, 0] [2, 1] [2, 0] [1, 0] [1, 2] [0, 2] [0, 1] [2, 1] [0, 2] [1, 0] [1, 2] [0, 2] [1, 0] [2, 1] [2, 0] [1, 0] [2, 1] [0, 2] [0, 1] [2, 1] [2, 0] [1, 0] [1, 2] [0, 2] [1, 0] [2, 1] [2, 0] [1, 0] [2, 1] [0, 2] [0, 1] [2, 1] [0, 2] [1, 0] [1, 2] [0, 2] [0, 1] [2, 1] [2, 0] [1, 0] [2, 1] [0, 2] [0, 1] [2, 1] [2, 0] [1, 0] [1, 2] [0, 2] [1, 0] [2, 1] [2, 0] [1, 0] [1, 2] [0, 2] [0, 1] [2, 1] [0, 2] [1, 0] [1, 2] [0, 2] [1, 0] [2, 1] [2, 0] [1, 0] [2, 1] [0, 2] [0, 1] [2, 1] [2, 0] [1, 0] [1, 2] [0, 2] [1, 0] [2, 1] [2, 0] [1, 0] [1, 2] [0, 2] [0, 1] [2, 1] [0, 2] [1, 0] [1, 2] [0, 2] [0, 1] [2, 1] [2, 0] [1, 0] [2, 1] [0, 2] [0, 1] [2, 1] [0, 2] [1, 0] [1, 2] [0, 2] [1, 0] [2, 1] [2, 0] [1, 0] [1, 2] [0, 2] [0, 1] [2, 1] [0, 2] [1, 0] [1, 2] [0, 2] [0, 1] [2, 1] [2, 0] [1, 0] [2, 1] [0, 2] [0, 1] [2, 1] [2, 0] [1, 0] [1, 2] [0, 2] [1, 0] [2, 1] [2, 0] [1, 0] [2, 1] [0, 2] [0, 1] [2, 1] [0, 2] [1, 0] [1, 2] [0, 2] [0, 1] [2, 1] [2, 0] [1, 0] [2, 1] [0, 2] [0, 1] [2, 1] [0, 2] [1, 0] [1, 2] [0, 2] [1, 0] [2, 1] [2, 0] [1, 0] [1, 2] [0, 2] [0, 1] [2, 1] [0, 2] [1, 0] [1, 2] [0, 2] [1, 0] [2, 1] [2, 0] [1, 0] [2, 1] [0, 2] [0, 1] [2, 1] [2, 0] [1, 0] [1, 2] [0, 2] [1, 0] [2, 1] [2, 0] [1, 0] [1, 2] [0, 2] [0, 1] [2, 1] [0, 2] [1, 0] [1, 2] [0, 2] [0, 1] [2, 1] [2, 0] [1, 0] [2, 1] [0, 2] [0, 1] [2, 1] [0, 2] [1, 0] [1, 2] [0, 2] [1, 0] [2, 1] [2, 0] [1, 0] [1, 2] [0, 2] [0, 1] [2, 1] [0, 2] [1, 0] [1, 2] [0, 2] [0, 1] [2, 1] [2, 0] [1, 0] [2, 1] [0, 2] [0, 1] [2, 1] [2, 0] [1, 0] [1, 2] [0, 2] [1, 0] [2, 1] [2, 0] [1, 0] [2, 1] [0, 2] [0, 1] [2, 1] [0, 2] [1, 0] [1, 2] [0, 2] [0, 1] [2, 1] [2, 0] [1, 0] [2, 1] [0, 2] [0, 1] [2, 1] [2, 0] [1, 0] [1, 2] [0, 2] [1, 0] [2, 1] [2, 0] [1, 0] [1, 2] [0, 2] [0, 1] [2, 1] [0, 2] [1, 0] [1, 2] [0, 2] [1, 0] [2, 1] [2, 0] [1, 0] [2, 1] [0, 2] [0, 1] [2, 1] [2, 0] [1, 0] [1, 2] [0, 2] [1, 0] [2, 1] [2, 0] [1, 0] [2, 1] [0, 2] [0, 1] [2, 1] [0, 2] [1, 0] [1, 2] [0, 2] [0, 1] [2, 1] [2, 0] [1, 0] [2, 1] [0, 2] [0, 1] [2, 1] [0, 2] [1, 0] [1, 2] [0, 2] [1, 0] [2, 1] [2, 0] [1, 0] [1, 2] [0, 2] [0, 1] [2, 1] [0, 2] [1, 0] [1, 2] [0, 2] [0, 1] [2, 1] [2, 0] [1, 0] [2, 1] [0, 2] [0, 1] [2, 1] [2, 0] [1, 0] [1, 2] [0, 2] [1, 0] [2, 1] [2, 0] [1, 0] [2, 1] [0, 2] [0, 1] [2, 1] [0, 2] [1, 0] [1, 2] [0, 2] [0, 1] [2, 1] [2, 0] [1, 0] [2, 1] [0, 2] [0, 1] [2, 1] [0, 2] [1, 0] [1, 2] [0, 2] [1, 0] [2, 1] [2, 0] [1, 0] [1, 2] [0, 2] [0, 1] [2, 1] [0, 2] [1, 0] [1, 2] [0, 2] [1, 0] [2, 1] [2, 0] [1, 0] [2, 1] [0, 2] [0, 1] [2, 1] [2, 0] [1, 0] [1, 2] [0, 2] [1, 0] [2, 1] [2, 0] [1, 0] [1, 2] [0, 2] [0, 1] [2, 1] [0, 2] [1, 0] [1, 2] [0, 2] [0, 1] [2, 1] [2, 0] [1, 0] [2, 1] [0, 2] [0, 1] [2, 1] [0, 2] [1, 0] [1, 2] [0, 2] [1, 0] [2, 1] [2, 0] [1, 0] [1, 2] [0, 2] [0, 1] [2, 1] [0, 2] [1, 0] [1, 2] [0, 2] [1, 0] [2, 1] [2, 0] [1, 0] [2, 1] [0, 2] [0, 1] [2, 1] [2, 0] [1, 0] [1, 2] [0, 2] [1, 0] [2, 1] [2, 0] [1, 0] [2, 1] [0, 2] [0, 1] [2, 1] [0, 2] [1, 0] [1, 2] [0, 2] [0, 1] [2, 1] [2, 0] [1, 0] [2, 1] [0, 2] [0, 1] [2, 1] [2, 0] [1, 0] [1, 2] [0, 2] [1, 0] [2, 1] [2, 0] [1, 0] [1, 2] [0, 2] [0, 1] [2, 1] [0, 2] [1, 0] [1, 2] [0, 2] [1, 0] [2, 1] [2, 0] [1, 0] [2, 1] [0, 2] [0, 1] [2, 1] [2, 0] [1, 0] [1, 2] [0, 2] [1, 0] [2, 1] [2, 0] [1, 0] [1, 2] [0, 2] [0, 1] [2, 1] [0, 2] [1, 0] [1, 2] [0, 2] [0, 1] [2, 1] [2, 0] [1, 0] [2, 1] [0, 2] [0, 1] [2, 1] [0, 2] [1, 0] [1, 2] [0, 2] [1, 0] [2, 1] [2, 0] [1, 0] [1, 2] [0, 2] [0, 1] [2, 1] [0, 2] [1, 0] [1, 2] [0, 2] [0, 1] [2, 1] [2, 0] [1, 0] [2, 1] [0, 2] [0, 1] [2, 1] [2, 0] [1, 0] [1, 2] [0, 2] [1, 0] [2, 1] [2, 0] [1, 0] [2, 1] [0, 2] [0, 1] [2, 1] [0, 2] [1, 0] [1, 2] [0, 2] [0, 1] [2, 1] [2, 0] [1, 0] [2, 1] [0, 2] [0, 1] [2, 1] [0, 2] [1, 0] [1, 2] [0, 2] [1, 0] [2, 1] [2, 0] [1, 0] [1, 2] [0, 2] [0, 1] [2, 1] [0, 2] [1, 0] [1, 2] [0, 2] [1, 0] [2, 1] [2, 0] [1, 0] [2, 1] [0, 2] [0, 1] [2, 1] [2, 0] [1, 0] [1, 2] [0, 2] [1, 0] [2, 1] [2, 0] [1, 0] [1, 2] [0, 2] [0, 1] [2, 1] [0, 2] [1, 0] [1, 2] [0, 2] [0, 1] [2, 1] [2, 0] [1, 0] [2, 1] [0, 2] [0, 1] [2, 1] [0, 2] [1, 0] [1, 2] [0, 2] [1, 0] [2, 1] [2, 0] [1, 0] [1, 2] [0, 2] [0, 1] [2, 1] [0, 2] [1, 0] [1, 2] [0, 2]

Total node count:  524274
Max frontier count:  1706
Max depth of tree:  2047

===================
--- Towers: 12  ---
===================

Searching nodes
.......... 10000.......... 20000.......... 30000.......... 40000.......... 50000.......... 60000.......... 70000.......... 80000.......... 90000.......... 100000.......... 110000.......... 120000.......... 130000.......... 140000.......... 150000.......... 160000.......... 170000.......... 180000.......... 190000.......... 200000.......... 210000.......... 220000.......... 230000.......... 240000.......... 250000.......... 260000.......... 270000.......... 280000.......... 290000.......... 300000.......... 310000.......... 320000.......... 330000.......... 340000.......... 350000.......... 360000.......... 370000.......... 380000.......... 390000.......... 400000.......... 410000.......... 420000.......... 430000.......... 440000.......... 450000.......... 460000.......... 470000.......... 480000.......... 490000.......... 500000.......... 510000.......... 520000.......... 530000.......... 540000.......... 550000.......... 560000.......... 570000.......... 580000.......... 590000.......... 600000.......... 610000.......... 620000.......... 630000.......... 640000.......... 650000.......... 660000.......... 670000.......... 680000.......... 690000.......... 700000.......... 710000.......... 720000.......... 730000.......... 740000.......... 750000.......... 760000.......... 770000.......... 780000.......... 790000.......... 800000.......... 810000.......... 820000.......... 830000.......... 840000.......... 850000.......... 860000.......... 870000.......... 880000.......... 890000.......... 900000.......... 910000.......... 920000.......... 930000.......... 940000.......... 950000.......... 960000.......... 970000.......... 980000.......... 990000.......... 1000000.......... 1010000.......... 1020000.......... 1030000.......... 1040000.......... 1050000.......... 1060000.......... 1070000.......... 1080000.......... 1090000.......... 1100000.......... 1110000.......... 1120000.......... 1130000.......... 1140000.......... 1150000.......... 1160000.......... 1170000.......... 1180000.......... 1190000.......... 1200000.......... 1210000.......... 1220000.......... 1230000.......... 1240000.......... 1250000.......... 1260000.......... 1270000.......... 1280000.......... 1290000.......... 1300000.......... 1310000.......... 1320000.......... 1330000.......... 1340000.......... 1350000.......... 1360000.......... 1370000.......... 1380000.......... 1390000.......... 1400000.......... 1410000.......... 1420000.......... 1430000.......... 1440000.......... 1450000.......... 1460000.......... 1470000.....